1.000000000000000000e+00 0.000000000000000000e+00 0.000000000000000000e+00 0.000000000000000000e+00 0.000000000000000000e+00 1.000000000000000000e+00 0.000000000000000000e+00 0.000000000000000000e+00 0.000000000000000000e+00 0.000000000000000000e+00 1.000000000000000000e+00 0.000000000000000000e+00
9.999999240458972150e-01 3.757081990837167853e-04 1.036896763640907413e-04 2.916630288717836014e-02 -3.756850575074752413e-04 9.999999045412362175e-01 -2.231104120873841782e-04 -9.155479516881032120e-03 -1.037734908771246036e-04 2.230714404792053082e-04 9.999999697350970829e-01 7.497351551423899786e-03
9.999999026566582794e-01 4.222409385102949739e-04 1.280596101704245776e-04 7.781948202665178380e-03 -4.222133945180631879e-04 9.999998877472280334e-01 -2.150380915735753795e-04 -1.252915458081537738e-02 -1.281503936809798760e-04 2.149840021583382464e-04 9.999999686796772203e-01 6.969374623815896043e-03
9.999999481555883474e-01 3.088821194966193204e-04 9.099811421716958847e-05 2.453284276771477632e-02 -3.088658393216057790e-04 9.999999363043334810e-01 -1.788664926602660896e-04 1.693051582329750009e-04 -9.105335708234387469e-05 1.788383771781136772e-04 9.999999798630603287e-01 5.719508705773332889e-03
9.999999459884334474e-01 3.184050614521835229e-04 8.149446065709148161e-05 2.510475990226218590e-02 -3.183910669688607494e-04 9.999999345768035841e-01 -1.716785280055821601e-04 -1.102993838728851686e-05 -8.154911863772300578e-05 1.716525716246753038e-04 9.999999819425677838e-01 7.220467911980710078e-03
9.999999281104553495e-01 3.674207194788523933e-04 9.370751882985413599e-05 1.144254298621308168e-02 -3.674033133969121872e-04 9.999999152654019952e-01 -1.856986650330394982e-04 -8.005969039181427133e-03 -9.377574042669788884e-05 1.856642232303387175e-04 9.999999783674531351e-01 5.578984433253900144e-03
9.999999491333104729e-01 2.966442526162185126e-04 1.171988216332035430e-04 2.840856687220006185e-02 -2.966168490894307446e-04 9.999999286852306879e-01 -2.337690704289730555e-04 -1.447256027663029049e-03 -1.172681595263788039e-04 2.337342953927244770e-04 9.999999658082283638e-01 8.148729834854687507e-03
9.999999359975449975e-01 3.491459866630387387e-04 7.811520974049451034e-05 1.453376169190903795e-02 -3.491290312796075366e-04 9.999999155176466648e-01 -2.169645569424559039e-04 -7.514716567940437145e-03 -7.819095544544236282e-05 2.169372707686867147e-04 9.999999734121971517e-01 5.332096263889099519e-03
9.999999368679027834e-01 3.499943302921357203e-04 6.138533425908127938e-05 1.854458670290455580e-02 -3.499826065633029871e-04 9.999999205360734500e-01 -1.908926975214069409e-04 -1.680729481953890806e-03 -6.145214074298823467e-05 1.908712016706618690e-04 9.999999798959091635e-01 5.202799319248791604e-03
9.999999400477085354e-01 3.399924395678454001e-04 6.564846037632262753e-05 2.142674213281829318e-02 -3.399808510518565179e-04 9.999999266384393959e-01 -1.764543475593558766e-04 -4.090395225464098054e-03 -6.570844870434818788e-05 1.764320177610844266e-04 9.999999822770713198e-01 6.707397540548544652e-03
9.999999309402892722e-01 3.627171724855006310e-04 8.096708871206999703e-05 1.624426411258619515e-02 -3.627026177211250765e-04 9.999999180766654394e-01 -1.797038493619488534e-04 -5.372595817426974174e-03 -8.103226375110142324e-05 1.796744699766278743e-04 9.999999805754283821e-01 6.372173993644082018e-03
9.999999426157106797e-01 3.270581797129580820e-04 8.832622669182634261e-05 1.900361294365972981e-02 -3.270411919535984985e-04 9.999999280370472921e-01 -1.922757367738734356e-04 -4.793166643623291562e-03 -8.838910568808249586e-05 1.922468394258088943e-04 9.999999776142590724e-01 6.294185209569203888e-03
9.999999339443464974e-01 3.490442336833027574e-04 1.013875016716216809e-04 1.546308793331464121e-02 -3.490247099464245900e-04 9.999999205590083262e-01 -1.925194248951699830e-04 -6.055172251329800012e-03 -1.014546914124296915e-04 1.924840254348104084e-04 9.999999763284225240e-01 6.219338661487582194e-03
9.999999380359773093e-01 3.386146000101336942e-04 9.627146054941704398e-05 2.239049826053234743e-02 -3.385956204425015948e-04 9.999999232534086957e-01 -1.970943491897342097e-04 -1.371607481332160925e-03 -9.633819218512574905e-05 1.970617398820598916e-04 9.999999759428114254e-01 7.051129881351939077e-03
9.999999365452456601e-01 3.371986872259436115e-04 1.149197549308901149e-04 2.023397211120268185e-02 -3.371765431092079552e-04 9.999999245976411988e-01 -1.926569250629824666e-04 -2.521654975733080613e-03 -1.149847099278857200e-04 1.926181645922820285e-04 9.999999748383792131e-01 6.523540551872823896e-03
9.999999444640506052e-01 3.210696130684480569e-04 8.936553772722750065e-05 1.751047479320702593e-02 -3.210508054747294743e-04 9.999999263308461117e-01 -2.103917363596067929e-04 -3.908405256399084468e-03 -8.943308153712970486e-05 2.103630337974329021e-04 9.999999738745586342e-01 5.272666147082730181e-03
9.999999371194745468e-01 3.528191687217310151e-04 3.577262983089731147e-05 1.768586417192793622e-02 -3.528107502771906409e-04 9.999999101343096664e-01 -2.350658357321099945e-04 -5.690609633078322523e-03 -3.585556234892311897e-05 2.350531999826767002e-04 9.999999717321854664e-01 3.993211168443746781e-03
9.999963548628388876e-01 1.040037156025773631e-03 -2.491702981759920041e-03 4.349013127709197568e-02 -1.039933008487193200e-03 9.999994583410199978e-01 4.309297390424383787e-05 -1.245921032160542639e-02 2.491746450400648613e-03 -4.050161264636517518e-05 9.999968947748019144e-01 1.751865802744273851e-02
9.999956335904043314e-01 1.889620131759662267e-03 -2.272033424807841807e-03 6.220564808420977337e-02 -1.890303760243175132e-03 9.999981687398360464e-01 -2.987786278562332360e-04 -6.927485084971336804e-02 2.271464686013403150e-03 3.030721565926780482e-04 9.999973742942769306e-01 1.320678926344421959e-02
9.999954546766877117e-01 1.731169560312317661e-03 -2.468537607202840774e-03 3.385383179708840312e-02 -1.733318408125259034e-03 9.999981205508861049e-01 -8.686207409654444524e-04 -5.111095523540571534e-02 2.467029237925807451e-03 8.728955544790550610e-04 9.999965759041828939e-01 1.304455674641998367e-02
9.999945498838799240e-01 1.890805470355856653e-03 -2.706484289571084011e-03 3.633153421574676634e-02 -1.893763180281443550e-03 9.999976120380060784e-01 -1.090678367994279887e-03 -1.326498931155355686e-03 2.704415565964860858e-03 1.095797863966124471e-03 9.999957426726815424e-01 1.373860499972225958e-02
9.999788398542892587e-01 6.288385490974819463e-03 -1.666148728891285978e-03 7.064514407221002268e-02 -6.293150493743149623e-03 9.999760786714551042e-01 -2.870251160249068234e-03 -1.386505883237677816e-02 1.648059626648573639e-03 2.880675750012161827e-03 9.999944927881804224e-01 1.631366965093545077e-02
9.999666896629453294e-01 7.660236799963051485e-03 -2.817860305178215320e-03 7.416063355193720785e-02 -7.671765548588807722e-03 9.999621518829036049e-01 -4.103512529585131956e-03 1.670829748630636713e-02 2.786319776783185726e-03 4.124993803809664204e-03 9.999876103473582800e-01 1.497543140471430806e-02
9.999196556351370724e-01 1.216364013429374266e-02 -3.567650934790068170e-03 9.344236872628035318e-02 -1.218350172015161131e-02 9.999101012440347880e-01 -5.599260306449356343e-03 -3.172617726438719393e-02 3.499222820023426082e-03 5.642276918737247626e-03 9.999779598325295726e-01 2.609825222182154958e-02
9.998875943956813117e-01 1.402600404324325784e-02 -5.298092505475648223e-03 1.112753465455063873e-01 -1.406270658419195470e-02 9.998769268109696240e-01 -6.954963305306155127e-03 -2.413202830054938380e-02 5.199890108894388713e-03 7.028687048813216098e-03 9.999617786201757674e-01 2.250072473905456727e-02
9.998081209485143450e-01 1.802192160872122945e-02 -7.676693749942825780e-03 1.525431017027157332e-01 -1.809101354313814164e-02 9.997955850267230549e-01 -9.027922798458406020e-03 -5.374975540098622662e-02 7.512424001831670417e-03 9.165069699791689520e-03 9.999297800260850133e-01 3.076294419607139563e-02
9.996956987239256076e-01 2.270502085090186223e-02 -9.643234988433642754e-03 1.960489939194765274e-01 -2.281062841621719212e-02 9.996794354578362185e-01 -1.098642589558128553e-02 -6.693986754551443930e-02 9.390696680188536163e-03 1.120305096221319192e-02 9.998931475237735622e-01 4.919710551474425209e-02
9.995506115472809761e-01 2.781668805499742936e-02 -1.117169732437531260e-02 2.224267925259003076e-01 -2.796374078719776959e-02 9.995213859206529827e-01 -1.322982571477159322e-02 -7.577985508860833608e-02 1.079834045781587898e-02 1.353628283199575198e-02 9.998500712059030793e-01 4.948299312489794904e-02
9.993702366866676901e-01 3.301032759958028723e-02 -1.301723075781043189e-02 2.558044557358029603e-01 -3.320732221648401566e-02 9.993326008669027871e-01 -1.521928368229428889e-02 -8.866204346615842724e-02 1.250614952910386081e-02 1.564196651191691878e-02 9.997994424421309256e-01 6.371868803547432736e-02
9.991380266010209121e-01 3.940672862630389961e-02 -1.305042293531483502e-02 2.599982316496737278e-01 -3.962488647624976684e-02 9.990716553692204904e-01 -1.690253855341997125e-02 -8.465541257258141217e-02 1.237223389538317370e-02 1.740509054209059617e-02 9.997719693268358743e-01 6.301253597136756424e-02
9.987806491146260512e-01 4.674848592726010138e-02 -1.586801870667017139e-02 3.157907415460620704e-01 -4.702963087112793650e-02 9.987343043808116771e-01 -1.783264066541521628e-02 -6.762982897798115733e-02 1.501428567371489164e-02 1.855716348166213531e-02 9.997150608594546073e-01 1.024277115369381513e-01
9.983636742602154390e-01 5.543407277277612177e-02 -1.403700443345921867e-02 4.239293586781183176e-01 -5.569633756478904046e-02 9.982662322661887133e-01 -1.903805396927246013e-02 -1.187807634126759743e-01 1.295731065890843095e-02 1.978871124885151281e-02 9.997202183649174234e-01 9.854621549194622632e-02
9.980259761855900802e-01 6.114773761528127793e-02 -1.432148886577960106e-02 4.718198809690239415e-01 -6.140224522050986844e-02 9.979496665330725991e-01 -1.806176481990317412e-02 -1.372923863554536272e-01 1.318768898178550655e-02 1.890548203727781401e-02 9.997342985054868958e-01 1.394477426307522416e-01
9.975584567608181130e-01 6.829015284011824560e-02 -1.461438914386444486e-02 5.159240799879567518e-01 -6.852471359376909044e-02 9.975178743103585433e-01 -1.620043389035390538e-02 -1.271083573694257174e-01 1.347178428668354029e-02 1.716232666094830162e-02 9.997619544530168545e-01 1.571318838204906199e-01
9.969101642581249534e-01 7.717929332589251734e-02 -1.461099177175145293e-02 6.071397855407898447e-01 -7.737039792207450750e-02 9.969176673719760684e-01 -1.299946179647447353e-02 -9.870182728248635962e-02 1.356266656001675446e-02 1.408975384220715124e-02 9.998087481675922428e-01 1.623453302932765241e-01
9.962931803797081542e-01 8.465734993466293712e-02 -1.526538014352910727e-02 6.858760572493338703e-01 -8.479658867548821310e-02 9.963601612281108855e-01 -8.715943235983344278e-03 -9.888281902379535138e-02 1.447194796447576551e-02 9.978086967592655898e-03 9.998454883143599314e-01 2.205132752080959657e-01
9.957101086086359576e-01 9.199190643223069397e-02 -9.943277404456735830e-03 7.929765559099861694e-01 -9.204199301952602219e-02 9.957440254775199451e-01 -4.701834409837306675e-03 -1.035327132637476610e-01 9.468428358063822603e-03 5.596863120331144019e-03 9.999395101643101524e-01 2.108692600870246403e-01
9.951281284081302525e-01 9.837725563959194564e-02 -6.474845461819796720e-03 9.029278700716387718e-01 -9.839018048691201834e-02 9.951464489440315919e-01 -1.708080161137916870e-03 -1.231348088413083824e-01 6.275383230126169685e-03 2.336819827537545396e-03 9.999775791678575665e-01 2.146280299029050265e-01
9.945464312883255387e-01 1.040331302592617108e-01 -7.382670256450857109e-03 9.873418485669712696e-01 -1.040373692466248917e-01 9.945733704220004467e-01 -1.914357952590540568e-04 -1.449864067212857099e-01 7.322691574648113912e-03 9.584653784921877114e-04 9.999727293942675121e-01 2.505918669262715004e-01
9.941408042345020180e-01 1.079829779530185052e-01 -4.872148230025999741e-03 1.085701064599689625e+00 -1.079916257732113916e-01 9.941505993231014582e-01 -1.547458683357911960e-03 -1.367851860689872634e-01 4.676549885983091910e-03 2.064543028361679605e-03 9.999869336862596825e-01 2.260685523414064368e-01
9.937519040397241321e-01 1.115705197502292467e-01 -3.028587143641240081e-03 1.189898050795789475e+00 -1.115821726630211730e-01 9.937471681555750669e-01 -3.998065354007044464e-03 -1.762854106849489899e-01 2.563583667963913702e-03 4.311021391606536211e-03 9.999874214875598133e-01 2.777430175414346558e-01
9.934275697587545695e-01 1.144541905620372613e-01 -1.379096082101760731e-03 1.289444564622679978e+00 -1.144606774029432589e-01 9.934076248906300588e-01 -6.328043743257224206e-03 -1.916932441150620836e-01 6.457334389410135335e-04 6.444305388952228930e-03 9.999790267582514547e-01 2.846986404389038605e-01
9.930518859268324672e-01 1.176456020472429476e-01 -2.732064439794449316e-03 1.389684878841844995e+00 -1.176586461565503755e-01 9.930402648595767490e-01 -5.241693641309391402e-03 -2.094426609227808267e-01 2.096387790727862431e-03 5.526724759151645412e-03 9.999825300832347885e-01 3.161868079021358802e-01
9.927160362849180020e-01 1.204441088058715165e-01 -2.843933318582320558e-03 1.651942483678040308e+00 -1.204685117947194295e-01 9.926551034114666772e-01 -1.109879890510037138e-02 -2.719612241233440031e-01 1.486259979512252532e-03 1.136056007112765977e-02 9.999343621989114084e-01 3.318901693868349656e-01
9.928059990350914799e-01 1.196719459263265312e-01 -3.856635598604270503e-03 1.791716174416805085e+00 -1.197190540731440100e-01 9.926765434982768310e-01 -1.614397968734621741e-02 -2.963361115132729373e-01 1.896410231375085173e-03 1.648955264766769832e-02 9.998622396519003530e-01 3.919892256913018458e-01
9.931444179934704186e-01 1.168044463357893470e-01 -4.570155861749626743e-03 1.928781499998747373e+00 -1.168797051107709623e-01 9.928728084411655441e-01 -2.329636863058006171e-02 -3.446982771607253748e-01 1.816464045939852022e-03 2.367081693441033460e-02 9.997181567241977262e-01 3.770829263325843339e-01
9.938865740115477854e-01 1.101751732856294241e-01 -7.135067699034285463e-03 2.212640478845878000e+00 -1.103704416351477813e-01 9.931291201169486493e-01 -3.889622589658054547e-02 -4.193681109333777246e-01 2.800645077604033053e-03 3.944593727137077344e-02 9.992177812769009737e-01 4.871820948843080257e-01
9.940638073703523814e-01 1.087908855105858552e-01 1.300040838414750089e-03 2.358019666680412740e+00 -1.086435859682010618e-01 9.932138720417307276e-01 -4.150633218971514632e-02 -4.179058740427871732e-01 -5.806729228149937368e-03 4.111870150789637135e-02 9.991373950973788665e-01 5.237470916268894827e-01
9.942744609710892911e-01 1.061444055499608796e-01 1.231508956910863303e-02 2.611679245684577655e+00 -1.055924081356137273e-01 9.936404353912734466e-01 -3.910151531031335476e-02 -4.494962455623854880e-01 -1.638717806004753516e-02 3.757725809430664116e-02 9.991593516898804594e-01 5.680052281506475786e-01
9.949975717388146457e-01 9.768144439878809204e-02 2.093245456291910681e-02 2.736492117224829990e+00 -9.687092831392402070e-02 9.946180364323820022e-01 -3.675574582281658509e-02 -4.722504734140209881e-01 -2.441015119700810226e-02 3.454413153575257300e-02 9.991050232558035260e-01 5.778967956226852554e-01
9.956482780597236681e-01 9.161147581421925923e-02 1.708343922773858728e-02 2.848406167405014955e+00 -9.090888129134347406e-02 9.951279122203693372e-01 -3.815774655670380738e-02 -4.707832686285807200e-01 -2.049589468804762990e-02 3.643865830501913372e-02 9.991256890310981076e-01 5.329421007183313685e-01
9.961246509204902955e-01 8.795055279470427589e-02 -6.165157234539555848e-04 2.978061017534213928e+00 -8.789573364942163125e-02 9.952025813856566483e-01 -4.296698743867791159e-02 -5.304491534395536778e-01 -3.165412257708613824e-03 4.285466446527750467e-02 9.990763023407208676e-01 6.051549199851921079e-01
9.965831158025236780e-01 8.259495968327972004e-02 -4.073478256065164900e-04 3.158263897171946333e+00 -8.252427039621479388e-02 9.955005247950351466e-01 -4.656661817635263795e-02 -5.178353224588322368e-01 -3.440652976697123559e-03 4.644112151668160909e-02 9.989151035695510439e-01 6.779165581003239183e-01
9.969558164934885225e-01 7.776728490116112391e-02 5.599049821456409011e-03 3.316226849418329792e+00 -7.747120450701408534e-02 9.961369186513874263e-01 -4.134551695107677866e-02 -5.161131510224693519e-01 -8.792748832641361645e-03 4.078588847654310290e-02 9.991292203059347621e-01 7.957633832437699395e-01
9.971082957099862698e-01 7.452892683626856363e-02 1.484876058668360699e-02 3.459503792165585345e+00 -7.404482604803161450e-02 9.967776785776800708e-01 -3.084839095979073978e-02 -5.042128052336081190e-01 -1.710001058020908793e-02 2.965971264064243620e-02 9.994137737114849873e-01 8.293366237015102893e-01
9.973256387524900290e-01 7.005361761185460723e-02 2.083412936577103483e-02 3.643749589676624545e+00 -6.967877764020864728e-02 9.974033547565592794e-01 -1.820483086786916019e-02 -4.939615293271734098e-01 -2.205534478315836905e-02 1.670444790627375817e-02 9.996171883209303832e-01 8.175062949500786491e-01
9.978974815725517589e-01 6.299012531216954813e-02 1.525976357339164230e-02 3.806225144408223571e+00 -6.287451685006875679e-02 9.979898445653625494e-01 -7.941364824388034635e-03 -4.944991923729475936e-01 -1.572931664215116571e-02 6.965217696582390837e-03 9.998520262220855770e-01 8.272946407368249044e-01
9.982971374705178480e-01 5.621886653149555518e-02 1.556484385027574746e-02 3.954297724012984183e+00 -5.613094429192761609e-02 9.984052094414618272e-01 -6.029498573433275145e-03 -4.767212627931420310e-01 -1.587899275980990052e-02 5.145561783168629659e-03 9.998606806864991370e-01 7.968233065105269075e-01
9.986886828078866962e-01 4.974624143138491050e-02 1.209240649740438676e-02 4.138998903769555149e+00 -4.967628164163240267e-02 9.987472362890561506e-01 -6.018724718192194553e-03 -4.989477501932546022e-01 -1.237666650230669248e-02 5.410126470104466116e-03 9.999087701674929107e-01 8.764450991505889910e-01
9.993665546896300933e-01 3.283868153062269313e-02 1.371533313882101167e-02 4.456357237229268797e+00 -3.270557884698857554e-02 9.994167979484470665e-01 -9.818813103237494094e-03 -5.317293486849546946e-01 -1.402977120490263990e-02 9.364025512739425350e-03 9.998577301527126204e-01 9.522798826946113904e-01
9.997118394681280273e-01 1.860199052159374963e-02 1.517247428358102154e-02 4.758846817199711587e+00 -1.854829277568128751e-02 9.998212217552707726e-01 -3.672242217632004473e-03 -5.083019650549791546e-01 -1.523807279018579534e-02 3.389760527218054278e-03 9.998781479066382039e-01 9.965720787240807121e-01
9.998547076249035825e-01 1.270318310980460795e-02 1.136630015429382183e-02 4.941278445420295817e+00 -1.272837935216911132e-02 9.999166855609602500e-01 2.147159950099583690e-03 -5.051210347847993054e-01 -1.133807741136035573e-02 -2.291522564325191441e-03 9.999330962244179499e-01 1.044973598243672086e+00
9.999292756349724698e-01 4.352265644446539662e-03 1.106804011012433274e-02 5.120620678048316776e+00 -4.395140990403946860e-03 9.999829206181799490e-01 3.852428793547162632e-03 -4.854002649025799254e-01 -1.105108428135546245e-02 -3.900801929738368073e-03 9.999313262822158155e-01 1.036649704738275668e+00
9.999173947757106218e-01 -3.566336078049199294e-03 1.234847650254316045e-02 5.286652738371656390e+00 3.509124468807061931e-03 9.999830238990050635e-01 4.651661989450162071e-03 -4.698666600110034119e-01 -1.236485626353478647e-02 -4.607945396820641894e-03 9.999129347942259383e-01 1.104098693052002034e+00
9.997299943325745897e-01 -1.111030842405996179e-02 2.040831885561079917e-02 5.478017450815172218e+00 1.103043240885252622e-02 9.999310729341333026e-01 4.022305516304807392e-03 -4.822360473603221620e-01 -2.045160122493475119e-02 -3.796106889304164209e-03 9.997836373835196078e-01 1.114233697855905980e+00
9.995599343116227109e-01 -1.992747384095816879e-02 2.197347276291418752e-02 5.642028527408929683e+00 1.988916049947384024e-02 9.998002683196497431e-01 1.960806615333903890e-03 -4.851719381962046884e-01 -2.200815788681036167e-02 -1.522909805108535203e-03 9.997566312519035048e-01 1.138116712706950917e+00
9.994371667698384032e-01 -2.689456943761999244e-02 2.005073100520694818e-02 5.798444156092747548e+00 2.685637483011043755e-02 9.996369433204481680e-01 2.171791872141797322e-03 -4.757773329406098650e-01 -2.010186086069499015e-02 -1.632079568013606024e-03 9.997966050683612105e-01 1.215355214801752570e+00
9.992094412151802940e-01 -3.351317941461721961e-02 2.138596249811312508e-02 5.973980185531375220e+00 3.343744905888092894e-02 9.994332455754988409e-01 3.889040866257430229e-03 -4.642168716465797651e-01 -2.150417603354676938e-02 -3.170874319230291682e-03 9.997637300728455800e-01 1.249447897318201717e+00
9.989734098648660465e-01 -4.002657805742213665e-02 2.121319004711807663e-02 6.156595261913908601e+00 3.984650811943576953e-02 9.991666678847951344e-01 8.844522524315216738e-03 -4.461289067863943303e-01 -2.154952838578599872e-02 -7.990171275290164701e-03 9.997358526077483321e-01 1.309947829274104025e+00
9.984478080884852114e-01 -4.884015532669927495e-02 2.676964233909455773e-02 6.341670386942801940e+00 4.851012258742652683e-02 9.987401216288080974e-01 1.284279780367833003e-02 -4.199118094275548496e-01 -2.736316008526803664e-02 -1.152426468531520150e-02 9.995591272123979243e-01 1.293669300627577456e+00
9.981729070135916260e-01 -5.612220385513572857e-02 2.238628907340567409e-02 6.479851672254332229e+00 5.572977805391175765e-02 9.982874775501114906e-01 1.778493757923517438e-02 -3.884919213045712194e-01 -2.334608194317047344e-02 -1.650485992300883276e-02 9.995911914662034548e-01 1.354430012374797210e+00
9.977589285110323170e-01 -6.206224198075773607e-02 2.500797266550483164e-02 6.669511141811310218e+00 6.158261049991171909e-02 9.979112099091222987e-01 1.951407752694975239e-02 -3.832766557438215260e-01 -2.616682366151700662e-02 -1.793028884411838192e-02 9.994967744227258866e-01 1.358586932775494915e+00
9.973244227708998322e-01 -6.889478973507427717e-02 2.444388864423041943e-02 6.856670071319324933e+00 6.837438107404664178e-02 9.974275310499912672e-01 2.152357582419756402e-02 -3.587871595714907658e-01 -2.586386973043067888e-02 -1.979465207774135788e-02 9.994694752675983285e-01 1.418171647579553829e+00
9.967448414253652356e-01 -7.693191595820743356e-02 2.410811894202183336e-02 7.026316754377705642e+00 7.633810459507617274e-02 9.967771418087100210e-01 2.465407379095568147e-02 -3.271059090652481127e-01 -2.592710702632619602e-02 -2.273345276586878280e-02 9.994053107956687443e-01 1.420074348492587957e+00
9.959806046692436521e-01 -8.629959353018391843e-02 2.397947620805452804e-02 7.338881153546465974e+00 8.563653011782335067e-02 9.959488933051627857e-01 2.742602110406264226e-02 -3.016852587846525213e-01 -2.624918726488024295e-02 -2.526226594639505857e-02 9.993361787142436281e-01 1.466316926254020103e+00
9.954947875902222520e-01 -9.208209541506290341e-02 2.260565382087194666e-02 7.567630728237504378e+00 9.139751940479090564e-02 9.953729596775174882e-01 2.965070976333921901e-02 -2.513059721355095366e-01 -2.523135603467883611e-02 -2.745102633400358164e-02 9.993046681697533851e-01 1.530878073079877444e+00
9.948577149985771140e-01 -9.811440853223968306e-02 2.513343880527547231e-02 7.700772894320103035e+00 9.733621405526612924e-02 9.947836665053528815e-01 3.051423090222175200e-02 -2.659951087232710898e-01 -2.799622012338753158e-02 -2.791092425082807374e-02 9.992182904482219685e-01 1.557393108695425799e+00
9.943733411091094654e-01 -1.028619927584010219e-01 2.531933919511453884e-02 7.873079713854366446e+00 1.020737135610019775e-01 9.943037581448044282e-01 3.067561798863650130e-02 -2.217385917117742355e-01 -2.833046931085203904e-02 -2.791857777339120175e-02 9.992086556489279126e-01 1.565799938158788596e+00
9.940180620174656756e-01 -1.065059487271784039e-01 2.417799141296471735e-02 8.067173870020390325e+00 1.057789388078615028e-01 9.939494137141804408e-01 2.958680587558554925e-02 -2.246154801315452809e-01 -2.718287121928886219e-02 -2.685229716356751783e-02 9.992697561966512598e-01 1.650568167446216483e+00
9.934057760567515105e-01 -1.108905586801423732e-01 2.912469901456586283e-02 8.242042620448197354e+00 1.100726556882293122e-01 9.935196771254206638e-01 2.833128366912445253e-02 -2.078922890532075296e-01 -3.207763343552132856e-02 -2.493862787335693332e-02 9.991742041671065611e-01 1.617189048726256351e+00
9.928764980195535772e-01 -1.158961530188262895e-01 2.764672486686708605e-02 8.572925095449495103e+00 1.150437800862865595e-01 9.928872619418320777e-01 3.065638167021740579e-02 -1.627001677529282819e-01 -3.100303765577787710e-02 -2.725741713898637009e-02 9.991475591057737971e-01 1.684223785433008214e+00
9.929699720066628155e-01 -1.174925505298034384e-01 1.435741143412877160e-02 8.739667390301164573e+00 1.169179806941626348e-01 9.924944477344553873e-01 3.584629697302042783e-02 -1.228636435808892063e-01 -1.846132399062093421e-02 -3.391565694896900296e-02 9.992541757382017442e-01 1.808655703931132175e+00
9.926442948799826249e-01 -1.187457345925371638e-01 2.359564278210945013e-02 8.898516445952036946e+00 1.178382579274023512e-01 9.923538478990666656e-01 3.671492242333008332e-02 -1.043644353536069824e-01 -2.777496734214449786e-02 -3.366438884035870271e-02 9.990471761199006817e-01 1.771162968034596386e+00
9.926710656295004709e-01 -1.186415787293502860e-01 2.298545754601134111e-02 9.074025699826819391e+00 1.177991361393385811e-01 9.924178004144733611e-01 3.507524690325185962e-02 -1.012285233532241313e-01 -2.697255988625639131e-02 -3.211051567798126755e-02 9.991203109716447761e-01 1.811483378723198534e+00
9.927544480854972875e-01 -1.181291711561939933e-01 2.200238006239610758e-02 9.242570044761579950e+00 1.174157480482685978e-01 9.925893571158425077e-01 3.130351818285161125e-02 -9.518924626333687133e-02 -2.553718693836528816e-02 -2.849328100288263388e-02 9.992677243967031941e-01 1.861375926336374942e+00
9.928554807462854903e-01 -1.178277524682230654e-01 1.883122673511563455e-02 9.435813669899406619e+00 1.172381557834783483e-01 9.926555734626568706e-01 2.983500129064611470e-02 -7.271293457614796951e-02 -2.220831332071488903e-02 -2.741410625592501094e-02 9.993774350052323507e-01 1.886612059395704533e+00
9.928673958680508393e-01 -1.172705131943782286e-01 2.149327702613727797e-02 9.597903133414467547e+00 1.166236492182170237e-01 9.927462381181612061e-01 2.922038920455255484e-02 -4.158082805706826701e-02 -2.476405995028662863e-02 -2.650534733532880494e-02 9.993418873926039891e-01 1.946974548192683452e+00
9.930482522208498031e-01 -1.151857398245792058e-01 2.423662728557302026e-02 9.770494172265545174e+00 1.144754092312084554e-01 9.930055783412667925e-01 2.890159276706952274e-02 -5.105418376987814338e-02 -2.739615743973577294e-02 -2.592617835683689795e-02 9.992883887213672711e-01 1.925748527062776105e+00
9.934376460117103624e-01 -1.133827416854041037e-01 1.503320905902848052e-02 9.941185001654885056e+00 1.129660977480105855e-01 9.932546036849090321e-01 2.615249545112442731e-02 -2.942755475340175578e-02 -1.789704574220126257e-02 -2.428263055426851946e-02 9.995449212552011131e-01 2.030837009040041163e+00
9.936193110497992809e-01 -1.115330431151406732e-01 1.676439686950489255e-02 1.012140246091654383e+01 1.111090804366695606e-01 9.935088104338465342e-01 2.439294641573467801e-02 -2.853843467929658914e-02 -1.937619553575415515e-02 -2.237462589183089254e-02 9.995618736040108310e-01 1.983363085807488879e+00
9.938204471440709176e-01 -1.101887005887456777e-01 1.339287500586168640e-02 1.029588506284491167e+01 1.098817062319563803e-01 9.937049158974003982e-01 2.183004253075199186e-02 -1.170272553242922287e-02 -1.571398975158480246e-02 -2.022351067209062978e-02 9.996719862745893082e-01 2.081550136082876090e+00
9.939361076659708472e-01 -1.087588566315037808e-01 1.620262268978161710e-02 1.048634086600617898e+01 1.084100649980444808e-01 9.938835131785512811e-01 2.104328964255318055e-02 6.869100378380109742e-03 -1.839216368291631334e-02 -1.915915802086893063e-02 9.996472652786041468e-01 2.080200282471263318e+00
9.945722109548722489e-01 -1.025100318061443611e-01 1.782724250803226218e-02 1.084302757664283234e+01 1.021019921057466501e-01 9.945202302301114905e-01 2.246541499914672668e-02 4.479150587292120289e-02 -2.003248372955704001e-02 -2.052328049189777043e-02 9.995886626775414285e-01 2.195535765070553591e+00
9.948899412788383412e-01 -9.972453861049830615e-02 1.578040370562848113e-02 1.101331918296078705e+01 9.924794393300309658e-02 9.946530651888738639e-01 2.855040342007929624e-02 5.368407982958423724e-02 -1.854320272393223529e-02 -2.683833655987346786e-02 9.994677850353346216e-01 2.247772702727513838e+00
9.950382129490967786e-01 -9.826397845733673975e-02 1.559311735361227670e-02 1.120906671021325707e+01 9.771678157586907720e-02 9.946785030139270178e-01 3.265128237032773745e-02 8.566299881922999349e-02 -1.871858353405385020e-02 -3.096556441773744631e-02 9.993451598175523420e-01 2.248695083730309019e+00
9.954071644868024427e-01 -9.531493848223714094e-02 8.924090456223667325e-03 1.155940777186839696e+01 9.505558072898856459e-02 9.951324896539305298e-01 2.599547282594464118e-02 9.411484721788279662e-02 -1.135840924682032099e-02 -2.502779529437292386e-02 9.996222266446882498e-01 2.316281518886326385e+00
9.954810262142961275e-01 -9.393161860493275117e-02 1.394193220428768289e-02 1.174598393961008824e+01 9.359909568139439251e-02 9.953478276528208157e-01 2.284537752884326436e-02 1.156777448671752057e-01 -1.602297522174565489e-02 -2.143718762029327846e-02 9.996417914693119799e-01 2.326086702080652380e+00
9.957094435864275450e-01 -9.181970878503660505e-02 1.148237917148340302e-02 1.191880757458954321e+01 9.155642837136558632e-02 9.955641091451767899e-01 2.166852569625850322e-02 1.212415453303928581e-01 -1.342104230995654415e-02 -2.052427003821297863e-02 9.996992697620182833e-01 2.435120667248686921e+00
9.959511162629720582e-01 -8.880180753152638884e-02 1.398617151594578820e-02 1.210383595846622562e+01 8.844528309466415106e-02 9.957839380470158153e-01 2.432654159311628539e-02 1.337438895115326543e-01 -1.608744581480908362e-02 -2.299103535534343518e-02 9.996062256611073504e-01 2.413742916911832737e+00
9.961316256882293274e-01 -8.741712736592520405e-02 8.945957009438397153e-03 1.228254423205250667e+01 8.713793426525015540e-02 9.958054614952935868e-01 2.790095460965681326e-02 1.488337455146137023e-01 -1.134745415104412673e-02 -2.701349105974274259e-02 9.995706611265933184e-01 2.494953339182775398e+00
9.961667902611461844e-01 -8.576267608105289653e-02 1.721886675196042382e-02 1.244822095986124566e+01 8.525526739337960236e-02 9.959568767341970830e-01 2.830969917795984545e-02 1.549973487949862505e-01 -1.957716431173623511e-02 -2.673318307421751125e-02 9.994508850164830482e-01 2.469444461100985144e+00
9.965359116154002272e-01 -8.169375159038025358e-02 1.556623949296417724e-02 1.281873613107876331e+01 8.125738177711279431e-02 9.963311256008159367e-01 2.686123723397093946e-02 1.834467754889218538e-01 -1.770352415739916835e-02 -2.550331566875899819e-02 9.995179668831910558e-01 2.559929576379441407e+00
9.966131756824510024e-01 -8.054696520190683662e-02 1.656395040148116171e-02 1.302216293439892070e+01 8.017266874417285083e-02 9.965350638650556370e-01 2.214067916543359729e-02 1.741220063876310897e-01 -1.828992188548240333e-02 -2.073771646619619949e-02 9.996176398369479577e-01 2.562393622477488808e+00
9.966376673021124510e-01 -8.050559711898461202e-02 1.523840369327652405e-02 1.317202938745573526e+01 8.024661010809121253e-02 9.966316489897162345e-01 1.690673824837057859e-02 1.900475647800130008e-01 -1.654816245882061512e-02 -1.562706192969939498e-02 9.997409430720948231e-01 2.641399280573192954e+00
9.968692391111937390e-01 -7.710161232323770042e-02 1.752317011920663872e-02 1.333905174790117698e+01 7.681048148593763725e-02 9.969054825567872369e-01 1.672150657439406066e-02 2.009189298776574706e-01 -1.875819948097176906e-02 -1.532319240159277750e-02 9.997066218280519223e-01 2.682853923956242781e+00
9.970173305701941491e-01 -7.540284055929664941e-02 1.645764801766574914e-02 1.355123007249392053e+01 7.505384191366326618e-02 9.969607811627237970e-01 2.088352550242209352e-02 2.138386822977096924e-01 -1.798230676756833180e-02 -1.958602713673085124e-02 9.996464495932129157e-01 2.763038290758365267e+00
9.968436040884638416e-01 -7.673742657637998288e-02 2.035181442418423220e-02 1.373502690584668073e+01 7.622180556718045896e-02 9.967772908083890604e-01 2.500537711707283631e-02 2.321022027204415195e-01 -2.220507473530952680e-02 -2.337519820499457321e-02 9.994801322512001374e-01 2.761279303159869247e+00
9.969063326079696807e-01 -7.471649965582050079e-02 2.439689909209390856e-02 1.387487477406788550e+01 7.410975268727368337e-02 9.969393336272120987e-01 2.489396761388771098e-02 2.289756644458057766e-01 -2.618221844609748550e-02 -2.300890579997091900e-02 9.993923562300888186e-01 2.758302627976212396e+00
9.971751748202815069e-01 -7.239539202080599867e-02 2.001444319222229346e-02 1.407721365384740864e+01 7.197214709816228406e-02 9.971830970578066111e-01 2.111589411513611556e-02 2.320501101103975283e-01 -2.148675788064287329e-02 -1.961576295622896940e-02 9.995766809401984698e-01 2.840449631848180001e+00
9.971779826910939226e-01 -7.187073438912305878e-02 2.169489282039206712e-02 1.425099562924797780e+01 7.138117797271219256e-02 9.971940608504662462e-01 2.255509777821194939e-02 2.528282533369919372e-01 -2.325506971282095478e-02 -2.094283989636644416e-02 9.995101796328673682e-01 2.866565475589997192e+00
9.972360005713575282e-01 -7.144002099899736391e-02 2.041280392562788357e-02 1.441420631064009328e+01 7.092384782317785741e-02 9.971688502199522741e-01 2.498183261838698641e-02 2.781847075574106487e-01 -2.213971486713469175e-02 -2.346502824803772813e-02 9.994794772655017923e-01 2.883274692676933704e+00
9.972530598876043761e-01 -6.926450140361936625e-02 2.624430205050774442e-02 1.459712447520897882e+01 6.861569588496777006e-02 9.973332414276659952e-01 2.486547448987217607e-02 2.712336564834377794e-01 -2.789660952574504402e-02 -2.299639947237131637e-02 9.993462587052973634e-01 2.926904353671484493e+00
9.973918813947272310e-01 -6.692131236776976966e-02 2.703651010877142560e-02 1.479201564096885235e+01 6.625096904260829866e-02 9.974904239028632436e-01 2.497325215108326182e-02 2.760094512022777113e-01 -2.863990273729417196e-02 -2.311692395327747188e-02 9.993224523636684564e-01 2.946877272680786586e+00
9.974201616005055060e-01 -6.609616231002576892e-02 2.800568800633419439e-02 1.498519374684545724e+01 6.543290627639807011e-02 9.975689603806459083e-01 2.397298607394543826e-02 2.708532469105012774e-01 -2.952212744782300655e-02 -2.207864608539681847e-02 9.993202576641735391e-01 2.980740333258646402e+00
9.973655554072290430e-01 -6.579304608783433095e-02 3.054871476369792199e-02 1.516552931514287827e+01 6.513123207556514860e-02 9.976302393881870678e-01 2.217719699573399150e-02 2.866651663292641428e-01 -3.193542696674870479e-02 -2.012909696814111499e-02 9.992872199521510845e-01 3.012319744682792066e+00
9.974789603312029795e-01 -6.547090230980910641e-02 2.737306426620775626e-02 1.534363258533006835e+01 6.483835505033014313e-02 9.976215897496536478e-01 2.339126716835089256e-02 2.977644166184010288e-01 -2.883940725725536378e-02 -2.155747239620816810e-02 9.993515717568750567e-01 3.080430089628432011e+00
9.973912905721133981e-01 -6.629913535495009225e-02 2.854887286881879066e-02 1.551821359112010335e+01 6.567421747906088125e-02 9.975919426086066188e-01 2.229827798058958699e-02 2.947574158203026262e-01 -2.995848209450849287e-02 -2.036518336702712595e-02 9.993436589367145073e-01 3.076253170949430960e+00
9.973405802068042725e-01 -6.542403970019314285e-02 3.211638370151675276e-02 1.569774769863922970e+01 6.481132291998892292e-02 9.977018144537821431e-01 1.976314390454600098e-02 3.040825628277150638e-01 -3.333555900410878348e-02 -1.762908009336920309e-02 9.992887250644556518e-01 3.083423283393605274e+00
9.973023507184731740e-01 -6.281382474188336451e-02 3.797952965353622312e-02 1.610820181254668171e+01 6.214395939635156130e-02 9.978944397808717781e-01 1.856920474777778995e-02 3.350939979417426051e-01 -3.906596423937958029e-02 -1.615891319724953312e-02 9.991059703366461653e-01 3.161133669410158831e+00
9.972438056707620957e-01 -6.330821261893111729e-02 3.868930428803179361e-02 1.627084371337025459e+01 6.263413748659873992e-02 9.978670278940789951e-01 1.839454982181975423e-02 3.318167489483313526e-01 -3.977130715233721803e-02 -1.592057966387453588e-02 9.990819677436685309e-01 3.278062098672663183e+00
9.972038917425800619e-01 -6.131376499050298495e-02 4.272025884919732758e-02 1.646906100039070964e+01 6.049310464652810776e-02 9.979632624273717667e-01 2.024626226099745033e-02 3.390595318595784335e-01 -4.387462345909364653e-02 -1.760537043081631531e-02 9.988819091105397563e-01 3.218784496517668625e+00
9.974515329927388096e-01 -5.835306682260898992e-02 4.105312317999306598e-02 1.666730660997932034e+01 5.758292582881200522e-02 9.981463515573852918e-01 1.969942957737988443e-02 3.545043886513817855e-01 -4.212654725264214362e-02 -1.728526728392543871e-02 9.989627488307530889e-01 3.354410328861096691e+00
9.972824874393972916e-01 -5.802137197947301178e-02 4.540000705185068264e-02 1.688223717430304660e+01 5.708539585950465900e-02 9.981345466165858493e-01 2.164912076889294323e-02 3.629026495599145807e-01 -4.657142714424925001e-02 -1.899861163669827255e-02 9.987342764367436176e-01 3.307909841147627095e+00
9.976536777344492402e-01 -5.937720434825723148e-02 3.408059428345368291e-02 1.705599645898942995e+01 5.856163459930258108e-02 9.979843215912992394e-01 2.445053805158621529e-02 3.931394314043799021e-01 -3.546370335971470167e-02 -2.239735390039638424e-02 9.991199549014495584e-01 3.417400181595357633e+00
9.977291418867999528e-01 -5.948461640299841646e-02 3.159335121854668638e-02 1.743033145366389647e+01 5.882443277270653359e-02 9.980382776037827197e-01 2.143087834514221732e-02 3.968207047498465978e-01 -3.280618141142981059e-02 -1.952375089635923974e-02 9.992710231024101164e-01 3.422922074603283793e+00
9.978951091009081731e-01 -5.911878617582268930e-02 2.665183583890715080e-02 1.762134203757752360e+01 5.863282782299360230e-02 9.981051808022467497e-01 1.866117780831659870e-02 4.041240141657135854e-01 -2.770456160934309936e-02 -1.705922556307220769e-02 9.994705799017908898e-01 3.496378857403334539e+00
9.979638717566332584e-01 -5.735715372346409519e-02 2.789744764764610918e-02 1.781928824206334028e+01 5.692176604219539165e-02 9.982478672606156511e-01 1.615883845670688587e-02 4.123539946107404042e-01 -2.877539259763136487e-02 -1.453796500117147776e-02 9.994801770692987031e-01 3.489101009749521420e+00
9.978643212328258683e-01 -5.871264460571513910e-02 2.862903725162186871e-02 1.821353630990363115e+01 5.841212412300521989e-02 9.982294613854618692e-01 1.122346548662528538e-02 4.127257259776105913e-01 -2.923730777603155903e-02 -9.527212892227509070e-03 9.995270942043119611e-01 3.586578202255487291e+00
9.979946081920637591e-01 -5.752930026839692124e-02 2.640343974178209138e-02 1.839643820132834762e+01 5.726346877969806792e-02 9.983015811889291991e-01 1.071672240008607509e-02 4.195688642719042627e-01 -2.697512118389527869e-02 -9.183278625446836263e-03 9.995939226660001120e-01 3.608374415859449513e+00
9.982905803042338988e-01 -5.553620974061422577e-02 1.821116919591402039e-02 1.865011079854696874e+01 5.526753313406740364e-02 9.983598133233062555e-01 1.493930796013999071e-02 4.440422930210158325e-01 -1.901097201908583112e-02 -1.390728401592652812e-02 9.997225467069298377e-01 3.743121220253244896e+00
9.982463012528312030e-01 -5.588277515095078224e-02 1.953042438018212298e-02 1.885468644437989028e+01 5.547518240690010871e-02 9.982429032761898080e-01 2.082330895042542110e-02 4.649201527390553479e-01 -2.065977182746448274e-02 -1.970333728463238149e-02 9.995923930922467893e-01 3.712367725383824535e+00
